Cross Entropy Loss: 0.20259554102861904
Accuracy: 0.9658
F1 Score: 0.9654854012466864
Confusion Matrix: 
[[ 970    0    1    2    0    4    1    1    1    0]
 [   0 1123    2    1    0    1    2    1    5    0]
 [   7    1  996    6    3    1    4    4    9    1]
 [   1    0    3  984    1   11    0    4    2    4]
 [   1    0    5    1  949    0    4    1    3   18]
 [   5    1    0    6    0  867    4    1    5    3]
 [  10    3    1    0    6   22  910    0    6    0]
 [   2   11   18    6    5    0    0  958    1   27]
 [   4    3    3    8    6    7    4    4  931    4]
 [   4    7    0    8   13    4    1    2    0  970]]